00000000000000000000000000000000
11010000000000100100000000000000
00110000000001001000000000000000
00000000000001111100000000000000
01010000000001100000000000000000
01010000000000111100000000000000
11010000000000100100000000000000
10000000000011001000000000000000
11010000000001100000000000000000
10000000000000000000000000000000
00000000000000000000000000000000
00000000000000000000000000000000
10110000000000000000000000000000
10001000000000000000000000000000
10011000000000000000000000000000
10000100000000000000000000000000
10010100000000000000000000000000
00000000000001010100000000000000
01101000000000100100000000000000
11101000000001001000000000000000
00011000000001100000000000000000
00000000000000110100000000000000
10011000000000000000000000000000
01111100000000000000000000000000
00000000000000000000000000000000
00000000000001010100000000000000
01111000000000100100000000000000
11111000000000010000000000000000
00000100000001100000000000000000
00000000000000110100000000000000
11101101010000000000000000000000
11001000100000000000000000000000
00000000000000000000000000000000
00000000000001010100000000000000
01100100000000100100000000000000
11100100000001101000000000000000
00010100000001100000000000000000
00000000000000110100000000000000
00100110000000000000000000000000
10100000000000000000000000000000
00000000000000000000000000000000
00000000000001110000000000000000
