00000000000000000000000000000000
10001000000000100100000000000000
11101000000001110100000000000000
00001000000001101100000000000000
11001000000000100100000000000000
00000000000001111100000000000000
01001000000001100000000000000000
00011000000000000000000000000000
11001000000000100100000000000000
10000000000011001000000000000000
11001000000001100000000000000000
00101000000000001000000000000000
10001000000000100100000000000000
10000000000011001000000000000000
10001000000001100000000000000000
10000000000000000000000000000000
00000000000001110000000000000000
00000000000000000000000000000000
00000000000000000000000000000000
01011010000000000000000000000000
01010000000000000000000000000000
01111000000000000000000000000000
00000100000000000000000000000000
01010000000000000000000000000000
00000000000001010100000000000000
00000000000010100100000000000000
00101000000001100000000000000000
10110100000001100000000000000000
01110100000001100000000000000000
10110100000000100100000000000000
01101000000001110100000000000000
00110100000001101100000000000000
00001100000000000000000000000000
11110100000001100000000000000000
10101000000000100100000000000000
11110100000001000100000000000000
10000000000011011000000000000000
10110100000000000100000000000000
00101000000000111000000000000000
00101000000001100000000000000000
10110100000000100100000000000000
10000000000011001000000000000000
10110100000001100000000000000000
10111000000000000000000000000000
00000000000000110100000000000000
00000000000000000000000000000000
00000000000000000000000000000000
00000000000000000000000000000000
00000000000001010100000000000000
00000000000001100100000000000000
10000000000010010000000000000000
11110010000000000000000000000000
10110010000001100000000000000000
01001000000000100100000000000000
10110010000001000100000000000000
10000000000011011000000000000000
01000000000010000100000000000000
01110010000001100000000000000000
00000000000000010100000000000000
00000000000001100100000000000000
10110010000001100000000000000000
01001000000000100100000000000000
10110010000001000100000000000000
10000000000011011000000000000000
10000000000010000100000000000000
01110010000000111000000000000000
01110010000001100000000000000000
00000000000000010100000000000000
10000000000011001000000000000000
11110010000000000000000000000000
10110010000001100000000000000000
01001000000000100100000000000000
10110010000001000100000000000000
10000000000011011000000000000000
01110010000000111000000000000000
01110010000001100000000000000000
00000000000000110100000000000000
00000000000000000000000000000000
00000000000000000000000000000000
00000000000001010100000000000000
00000000000011110100000000000000
10101010000001101100000000000000
01101000000000100100000000000000
10000000000010010000000000000000
00000000000000110100000000000000
01101000000001110100000000000000
10011010000001001100000000000000
00000000000010100100000000000000
00000000000000110100000000000000
00000000000000110100000000000000
00000000000000001000000000000000
