00000000000000000000000000000000
01010000000000100100000000000000
01010000000011110100000000000000
10010000000001101100000000000000
11010000000000000000000000000000
01010000000000100100000000000000
10000000000011001000000000000000
01010000000001100000000000000000
10000000000000000000000000000000
00000000000001110000000000000000
00000000000000000000000000000000
00000000000001010100000000000000
00000000000001100100000000000000
01000000000010100100000000000000
00111000000000000000000000000000
01011000000001100000000000000000
00000000000000010100000000000000
11011000000001100000000000000000
01011000000000100100000000000000
11011000000000001000000000000000
10000000000011001000000000000000
10011000000000001000000000000000
01011000000000100100000000000000
10011000000001100000000000000000
00000000000000110100000000000000
00000000000000000000000000000000
00000000000000000000000000000000
00000000000000000000000000000000
00000000000001010100000000000000
00100100000001100000000000000000
10100100000000100100000000000000
00000000000001100100000000000000
00100100000001001000000000000000
10100100000001100000000000000000
00000000000000010100000000000000
00000000000000110100000000000000
00000000000000000000000000000000
01100100000000000000000000000000
00000000000000000000000000000000