00000000000000000000000000000000
11000000000010100100000000000000
00000000000001100100000000000000
01100000000010100100000000000000
01100000000000000000000000000000
00000000000001110000000000000000
01011000000001100000000000000000
00000000000000010100000000000000
00000000000001010100000000000000
11011000000001100000000000000000
01011000000000100100000000000000
00000100000000000000000000000000
00111000000001100000000000000000
11011000000000100100000000000000
00000100000000000000000000000000
10111000000001100000000000000000
01011000000000100100000000000000
11011000000000010000000000000000
00000100000000000000000000000000
01111000000001100000000000000000
10111000000000100100000000000000
01111000000000101000000000000000
11111000000001100000000000000000
00111000000000100100000000000000
11111000000001101000000000000000
00000000000000110100000000000000
00000000000000000000000000000000
00000000000000000000000000000000
00000000000000000000000000000000
00000000000000000000000000000000
00000000000000000000000000000000
00000000000000000000000000000000
00000000000001010100000000000000
10000000000011110100000000000000
10010100000000001100000000000000
00000000000001100100000000000000
10000000000010010000000000000000
00000100000000000000000000000000
01010100000001100000000000000000
00000000000000010100000000000000
01010100000000101000000000000000
00000000000000110100000000000000
00000000000000000000000000000000